//bonobono
30 30
1 : 30
3 : 18 3 7
2 : 18 7
4 : 6 7 3 7
3 : 4 5 7
3 : 3 6 9
3 : 2 3 7
4 : 2 1 1 15
5 : 1 1 1 4 9
3 : 1 4 9
4 : 1 3 4 9
8 : 1 1 1 1 1 1 4 5
6 : 1 1 1 1 6 7
6 : 2 2 1 2 5 5
4 : 2 3 3 15
6 : 3 1 1 7 3 4
3 : 4 8 4
4 : 5 9 3 4
4 : 4 2 8 4
4 : 4 5 10 6
6 : 4 1 1 1 8 4
3 : 4 3 17
6 : 4 1 1 1 9 7
3 : 4 9 7
4 : 5 1 8 7
3 : 6 11 3
4 : 5 1 12 5
2 : 22 3
1 : 30
1 : 30

1 : 30
2 : 8 17
2 : 6 15
2 : 5 14
6 : 4 1 1 1 1 6
6 : 4 2 3 1 1 3
6 : 3 1 1 1 1 3
6 : 3 1 1 1 1 3
4 : 3 4 5 4
6 : 3 1 1 2 1 3
6 : 3 1 1 1 1 3
6 : 4 2 3 1 1 3
6 : 4 1 1 1 1 6
3 : 5 8 5
2 : 6 15
2 : 8 17
1 : 30
1 : 30
3 : 1 1 23
4 : 2 1 1 23
5 : 2 1 1 1 16
8 : 2 1 1 4 1 1 1 9
9 : 1 1 4 2 1 1 1 1 2
7 : 11 1 2 1 4 1 2
7 : 11 1 2 1 1 4 2
5 : 15 1 4 1 2
3 : 25 1 2
1 : 30
1 : 30
1 : 30
