//lion_mask
30 30
2 : 3 3
2 : 5 5
1 : 19
3 : 6 5 6
3 : 6 3 6
2 : 5 6
3 : 2 8 11
3 : 8 8 2
8 : 7 1 1 1 1 1 1 1
6 : 7 1 1 1 1 1
6 : 4 4 5 2 5 1
4 : 3 3 4 1
2 : 3 20
6 : 4 2 2 2 2 1
3 : 5 3 1
1 : 28
7 : 3 7 1 1 1 1 2
2 : 2 23
7 : 1 5 1 1 1 1 3
2 : 2 23
4 : 3 4 2 2
2 : 7 18
3 : 6 14 1
4 : 7 8 7 1
3 : 8 8 8
2 : 3 3
2 : 8 8
4 : 1 1 1 1
4 : 2 1 1 2
4 : 1 1 1 1

1 : 13
2 : 8 6
3 : 7 5 4
5 : 4 3 4 1 1
4 : 3 3 5 1
4 : 2 3 6 1
4 : 3 3 8 4
4 : 4 4 8 3
3 : 4 12 2
4 : 12 6 1 4
4 : 8 1 7 2
7 : 5 5 1 1 1 1 4
8 : 4 2 1 1 1 1 1 4
6 : 2 3 1 1 5 4
8 : 1 2 1 2 1 1 1 4
7 : 2 5 2 1 1 1 4
6 : 3 2 2 5 4 4
7 : 3 4 1 1 1 3 2
7 : 3 4 1 1 1 2 2
6 : 2 2 2 5 3 2
8 : 1 5 2 1 1 1 4 1
9 : 2 2 1 2 1 1 1 4 1
8 : 4 3 1 1 5 4 1 1
9 : 5 2 1 1 1 1 1 4 4
6 : 11 1 1 1 1 4
5 : 7 1 5 1 2
3 : 11 7 1
3 : 4 4 8
1 : 4
1 : 3
